0 0 1 2 4 4 5 7 7 9 11 13 14 15 17 21
22 29 32 35 42 43 45 48 49 52 56 59 63 63 66 69
79 80 80 84 85 88 90 91 91 93 97 98 99 100 104 109
109 113 119 120 124 124 124 126 130 130 131 131 134 134 134 135
136 141 143 143 143 146 149 153 154 156 156 162 164 168 170 173
174 175 175 178 181 181 183 184 185 185 187 190 190 190 192 193
197 197 198 204 204 207 207 213 215 215 216 216 217 217 218 221
225 225 228 230 233 237 239 239 240 249 250 252 258 258 261 263
264 268 268 271 276 276 278 282 283 284 288 288 289 291 295 295
298 303 305 307 308 313 315 315 316 318 321 323 324 324 326 327
327 327 329 332 333 336 336 339 340 349 350 352 353 359 359 361
363 365 367 371 371 373 375 376 377 378 379 380 381 381 381 382
383 385 385 387 387 388 389 389 390 393 394 394 399 405 405 407
407 412 413 416 420 421 424 425 425 425 425 430 432 434 435 436
438 443 445 448 449 449 450 451 452 455 456 457 458 459 461 465
467 467 467 471 473 473 477 478 478 481 481 487 491 492 498 500